0 1 0.7710964302735857
1 0 0.7710964302735857
1 5 0.7139555339492034
1 6 0.6736491942639945
1 7 0.7298885980550464
1 8 0.7990449517128835
1 9 0.9261298444833982
2 3 0.726285778082989
2 4 0.7286383787335534
2 5 0.7129377106646065
3 2 0.726285778082989
3 4 0.7188350512345877
3 11 0.6444510405574174
4 2 0.7286383787335534
4 3 0.7188350512345877
4 6 0.6594484307276725
4 11 0.6423956725176944
5 2 0.7129377106646065
5 1 0.7139555339492034
6 1 0.6736491942639945
6 4 0.6594484307276725
6 7 0.6617775618732692
7 1 0.7298885980550464
7 6 0.6617775618732692
7 12 0.7471497547935713
8 1 0.7990449517128835
8 13 0.9035204251428773
8 12 0.8122965772128513
9 1 0.9261298444833982
9 10 1.0
10 9 1.0
11 3 0.6444510405574174
11 4 0.6423956725176944
11 12 0.6697571394519007
12 7 0.7471497547935713
12 8 0.8122965772128513
12 11 0.6697571394519007
12 14 0.8184349869623054
13 8 0.9035204251428773
14 12 0.8184349869623054
